1    3000    6500
2    3500    6500
3    4000    6500
4    4500    6500
5    5000    6500
6    5500    6500
7    6000    6500
8    3000    6000
9    3500    6000
10    4000    6000
11    4500    6000
12    5000    6000
13    5500    6000
14    6000    6000
15    3000    5500
16    3500    5500
17    4000    5500
18    4500    5500
19    5000    5500
20    5500    5500
21    6000    5500
22    3000    5000
23    3500    5000
24    4000    5000
25    4500    5000
26    5000    5000
27    5500    5000
28    6000    5000
29    3000    4500
30    3500    4500
31    4000    4500
32    4500    4500
33    5000    4500
34    5500    4500
35    6000    4500
36    3000    4000
37    3500    4000
38    4000    4000
39    4500    4000
40    5000    4000
41    5500    4000
42    6000    4000
43    3000    3500
44    3500    3500
45    4000    3500
46    4500    3500
47    5000    3500
48    5500    3500
49    6000    3500
