17032.98416297054
17032.681468952353
22384.3123626342
25381.96924639252
24712.11836934948
11980.659688867703
1880.8526695076534
-4130.107572598091
-11755.28201743167
-25324.81944906067
9878.679921286082
9879.395442453833
9879.765726842717
9880.144489642063
9880.511339890616
22512.070048577207
22943.24530222256
23146.91769445649
26105.05048173574
26093.081391473734
13112.62895319041
12713.583428481445
-12051.113103570797
-17600.027058036336
-23112.953640088086
-26688.14635641093
-23383.668051275155
-12051.113103570797
17032.98416297054
17032.681468952353
22384.3123626342
25381.96924639252
24712.11836934948
11980.659688867703
1880.8526695076534
-4130.107572598091
-11755.28201743167
-25324.81944906067
9878.679921286082
9879.395442453833
9879.765726842717
9880.144489642063
9880.511339890616
22512.070048577207
22943.24530222256
26105.05048173574
26093.081391473734
13112.62895319041
12713.583428481445
-12051.113103570797
-17600.027058036336
-23112.953640088086
-26688.14635641093
-23383.668051275155
-12051.113103570797
17032.98416297054
17032.681468952353
22384.3123626342
25381.96924639252
24712.11836934948
11980.659688867703
1880.8526695076534
-4130.107572598091
-11755.28201743167
-25324.81944906067
9878.679921286082
9879.395442453833
9879.765726842717
9880.144489642063
9880.511339890616
22512.070048577207
22943.24530222256
23146.91769445649
26093.081391473734
13112.62895319041
12713.583428481445
-12051.113103570797
-17600.027058036336
-23112.953640088086
-26688.14635641093
-23383.668051275155
-12051.113103570797
17032.98416297054
17032.681468952353
22384.3123626342
25381.96924639252
24712.11836934948
11980.659688867703
1880.8526695076534
-4130.107572598091
-11755.28201743167
-25324.81944906067
9878.679921286082
9879.395442453833
9879.765726842717
9880.144489642063
9880.511339890616
22512.070048577207
22943.24530222256
26093.081391473734
13112.62895319041
12713.583428481445
-12051.113103570797
-17600.027058036336
-23112.953640088086
-26688.14635641093
-23383.668051275155
-12051.113103570797
17032.98416297054
17032.681468952353
22384.3123626342
25381.96924639252
24712.11836934948
11980.659688867703
1880.8526695076534
-4130.107572598091
-11755.28201743167
-25324.81944906067
9878.679921286082
9879.395442453833
9879.765726842717
9880.144489642063
9880.511339890616
22512.070048577207
22943.24530222256
13112.62895319041
12713.583428481445
-12051.113103570797
-17600.027058036336
-23112.953640088086
-26688.14635641093
-23383.668051275155
-12051.113103570797
-24715.863660707906
-28553.977241152985
-29404.551396603478
-24217.274715426243
-18584.85322088888
-18588.028518775467
-18590.19149038541
-18592.303048875954
-18594.62168232067
30262.079548929523
18644.345576385
-6539.916779997688
-24217.274715426243
-29192.6351243422
-29192.6351243422
-22487.0725310854
-27417.603082831356
-29388.851682121913
-28118.831474317238
29853.47615652359
-784.0172925441465
-9699.266364915804
-9699.266364915804
19530.84585561192
19530.38155523269
16169.364321486773
11769.60736048187
1651.7003610524546
-4698.953028446122
-13303.309239043021
-18768.9937478761
-20397.76095607623
-21042.95795375939
18448.896772469005
16169.364321486773
26016.24200344088
23249.27801049001
19641.412439951266
-19868.952584807586
-19874.136429223166
-19879.716634168966
-19885.03114320075
-19889.90913667733
8429.399006477568
15.884399059117943
-12764.71374300241
-22371.614085570574
19641.412439951266
28482.479743012293
30248.805094924475
28690.343057086822
20325.3623895779
12124.382167794602
-3123.5788146700265
-17530.62230903064
28690.343057086822
-27672.640253255737
-26337.48662076464
-22513.687817042715
11498.343001200092
21066.574123966413
24808.967677576053
-26442.952303940994
-26445.21332601879
-26447.31750439272
-26448.80286897167
-26450.217969171565
28765.965703085993
27153.59507764607
3832.5003969615427
-22985.898848261942
-22513.687817042715
28749.185451782854
29236.425650979672
29233.921056462896
26965.283324850203
16391.26942984745
-5433.981129693566
-16352.862998899156
-21953.40588949831
-26951.38778131396
-29835.355084040064
-24624.644328364575
29236.425650979672
-3807.6498689502273
-12337.346405531876
-19139.82179114889
-27043.739074415444
-27976.327709347086
-24385.855648299632
-16717.769642480176
18468.37513481585
18463.344685651835
18458.57965687979
18454.147031377248
4948.283425194339
4943.648365410233
4940.547944916594
4937.564798028678
4934.518689793392
-24505.247436091977
28025.784363435643
16306.092141336887
8921.910059106685
8921.910059106685
-9718.820661012049
-16996.910105356656
-22185.888492501144
-26439.066233231864
-25354.467191398835
-19235.457111164327
12291.711352922648
12286.105006566277
12280.636225325345
12276.633032983636
12272.523645299058
-1660.357245032113
-1665.9048094023458
-1668.511872325401
-1671.516546145515
-1674.4799920754988
18366.993011512048
10268.240237435672
2318.0296240745915
2318.0296240745915
-27455.851907081415
25936.935072914934
28059.234140062184
26853.73867725453
-11063.45934216787
-11075.413841943251
-11079.584057260317
-11083.63333743744
-11088.696683660823
-17125.497634678846
-17138.371094870043
28059.234140062184
9900.099202313839
8802.62547015923
5468.491711662641
157.32654270479816
-5741.286491565666
-8422.690351299922
-5741.286491565666
28778.797985345816
29895.48331120125
-14531.657154435525
-14544.124946190937
-14571.665380593511
18939.35628954128
10483.806011878632
-4696.854715649645
-20237.489972737832
29895.48331120125
21410.634341353536
29025.477023127518
10803.79209289073
29025.477023127518
20980.37629247808
23595.400881237798
23868.430046360747
18651.804530715333
2780.6346203654625
-6852.776340403497
-11997.139111035505
-17887.707975692923
-19332.571040276336
-19332.398459930115
-19332.122600754043
-19331.786782948275
-19331.397319855194
16221.510524966166
16221.451437302996
16221.390321733663
16221.333087437202
16221.263947712645
16221.10231871872
16221.006310835119
16220.895751207061
23590.356181346648
22136.3729610688
-21602.59623068415
-24471.573824729538
-23408.283856670198
12036.660103747749
12036.660103747749
-24154.008889170018
-27457.052197673092
-27904.615426494347
-22336.93619941259
14601.612812035466
-4975.537043909577
-4978.968367645231
-4984.614642930765
-18649.900731723763
-18652.892792871527
-18654.911695974013
-18656.99351738811
-18659.58984746602
-25596.716703417507
25440.054568746593
28489.86032400161
16778.282350704736
-7361.724912317886
-25596.716703417507
-10182.86112789478
-10188.048578227603
-16786.528328001372
-21368.210481615086
-24685.08986183136
-23298.421170282563
-17107.525049373446
-8367.483561763771
-2860.934181635355
10395.292033966396
10389.309333548352
10385.210782487331
-2756.3896117943646
-2759.6540517135973
-2762.1747069889016
-2764.608031427885
-2766.9370485722666
-17994.858100674388
18130.164397645436
24372.009204070077
4420.289327580025
-8367.483561763771
-28214.97942083943
-24509.546872346975
-18629.8772624888
18567.923420126677
26615.736631902128
28949.89510959136
29121.368897969056
25175.60156097517
-3509.2522154713297
-25473.285719594867
-25473.285719594867
-2106.5739133404054
-2109.8648685454373
-6703.831581569183
-10344.539474648871
-14531.50787251043
-15009.402930062066
-13059.606591701631
-8928.254806210498
-5954.142546659958
-1609.4077255281995
9778.663256085742
9773.991473719512
9769.50481427649
2384.746558666214
2382.0066241214768
2380.130303145254
2378.1858568635284
2375.997181023744
9793.407838080924
8918.88183217896
4676.309588722622
-2109.8648685454373
17032.966785643992
17032.678665936575
22384.25787730087
25381.80356231851
24711.965507135552
11980.439825070827
1880.6809118999488
-4130.2097957371625
-11755.53436700186
-25324.883992679428
9878.718502493732
9879.445454398176
9879.81921160299
9880.205443985402
9880.55003526118
22511.995144790326
22943.12331385483
23146.861409542827
26104.790657589936
26092.953219270297
13112.471962006695
12713.401931612087
-17600.117790062173
-23113.058256953907
-26688.234800219187
-23383.715765682497
11980.439825070827
-1141.9515064319905
-5892.512018268785
-9748.120176168622
-14482.731418681811
-15285.563150481687
-13760.331023909368
-9896.5358730969
-6993.461248151364
-2669.660866231495
10644.838875881336
10641.783911865576
10638.562984525988
3413.7238204429173
3408.104222467987
3406.1095305241356
3403.6115575896183
3401.424153784329
3398.8590263617807
6800.237184672821
7644.834237149649
-5892.512018268785
-28754.393890019182
-20074.40819453191
27360.31375138996
29489.464609747607
28216.946050639894
20477.246819898322
12708.021642540554
-2023.0798708865864
-18148.238126734457
28216.946050639894
29173.82508738158
29440.413872890113
27097.67122314668
17257.385654705227
8592.432026800474
-6654.46890100104
-20132.388241336746
29440.413872890113
-24715.748938393725
-28554.102857804573
-29404.467503768392
-24217.4319693178
-18584.610207448786
-18587.707044791197
-18589.843981831084
-18592.06010190331
-18594.377605867398
-27374.3195511738
30262.184278993034
18644.521615667873
-6539.655049497608
-27374.3195511738
-29192.429232288912
-29192.429232288912
-22486.71653679821
-27417.419924209255
-29388.388167935755
29853.80787328455
-783.7242022898793
-9699.028448733412
-9699.028448733412
19530.852525655166
19530.442832826822
16169.497478715446
11769.759700408778
1651.9195767501174
-4698.69047900186
-13303.180896527154
-18768.863846453965
-20397.517277429124
-21042.819574126494
-12795.808160872852
18448.934549809965
-18768.863846453965
26016.52132181987
23249.19132482394
19641.117644941784
-19868.97755340222
-19873.590882724613
-19879.600923396978
-19885.174257565843
-19889.620722376334
8429.677391516476
18.02750805244473
-12764.79407951289
-22371.249787512224
-12764.79407951289
28482.713662760387
30248.963711615037
28690.469939881696
24851.06128666499
20325.565300148482
12125.760081172037
-3123.955787574584
-17530.427285420083
30248.963711615037
-27672.441082868638
-26337.40322172577
-22513.85485363109
11498.293851368824
21066.636773379425
24809.0264607604
27949.546346435567
-26443.048036002994
-26445.14484501093
-26447.433097939695
-26448.633844217813
-26450.03508134523
28766.001349807448
27153.59479659894
3832.634734694677
-22984.460428605653
24809.0264607604
28749.001792741095
29236.547636152172
29234.28871270829
26965.393691433095
16391.35946291666
-5433.8427503269395
-16352.668990806009
-21953.166790248615
-26951.18362490311
-29835.24539554495
-24624.676939983365
26965.393691433095
-3807.7176864152616
-12337.399715220157
-19139.740491642595
-27043.55074434639
-27976.26064502446
-24386.224098193637
-16717.73156618548
18463.987848166773
18458.637634333565
18454.061521822197
4948.196171442948
4943.815314462607
4940.615839167006
4937.807320668084
4934.746466045564
-13179.18927040698
28025.431649884442
16306.397905971391
8922.054965796275
-13179.18927040698
-9718.584862435255
-16996.502871923698
-22185.61029002305
-26438.801390044937
-25354.502990193283
-19235.32994742217
12280.954000298003
12276.883968464717
12272.927228447665
-1660.227341479826
-1665.7334762943
-1668.3180697587868
-1671.044312109303
-1674.1450934975478
-25569.210740623883
-19373.471278643916
18367.106834335616
10268.445144492653
2318.2828637826897
-9718.584862435255
-27455.797377980085
25937.100136315457
28059.436484677597
26853.739423274234
-11064.252424189479
-11075.015157748365
-11079.308876970834
-11083.741530032235
-11088.469074226297
-17125.31091643706
-17137.97485456036
-27455.797377980085
9900.105684970144
8802.723608662336
5468.786280210176
157.34965633510825
-5741.252390004329
-8422.56315304262
-8422.56315304262
28779.111936692883
29895.8656916004
23772.977274179168
-14531.283964084536
-14544.910500482949
-14570.816353384447
18939.609385197746
10484.956179824554
-4691.65319448781
-20237.38912850705
10484.956179824554
21410.724162539038
29025.687913452937
10803.785494407326
10803.785494407326
20980.412446442344
23595.442407915245
23868.551344225896
18651.986596002847
2780.887932099377
-6852.662824089053
-11996.964800705062
-17887.515487064917
-19332.58183835743
-19332.40965025901
-19332.11257828182
-19331.81575223751
-19331.405012605126
16221.511425222303
16221.45319394742
16221.393362527831
16221.334498264514
16221.27100957101
16221.109262087295
16221.014343510955
16220.906559872356
-21602.307536334534
-24471.581327995656
-23408.228539878033
12036.653791903129
-17887.515487064917
-24153.79921519555
-27456.900427129567
-27904.499260868015
-22337.373315105273
14601.63282669179
-4975.391447582782
-4978.930415565114
-4984.335615850269
-18649.91394180433
-18652.57773198074
-18654.854351874794
-18656.704184658105
-18659.363272720293
-27721.651765033395
25440.15825370353
28490.170815646503
16778.491155809545
-7361.494820488973
-7361.494820488973
-10182.809168024882
-10188.039258539628
-16786.186117272016
-21368.05638517689
-24684.959707386926
-23298.27099535717
-17107.387091743934
-8367.538146315657
-2860.9216332004466
10395.667672096779
10389.648050193524
10385.50880334807
-2756.252176718143
-2759.6480855529558
-2761.991386208865
-2764.4028361012215
-2766.8886431298083
-18275.129211635187
18130.567590709677
24372.278537088114
4419.821615160807
-8367.538146315657
-25418.961132578454
-28214.92023455681
-24509.533984119294
-18629.850245019305
18568.03158679351
26615.74963835333
28950.130427452415
30081.41904761116
29121.453034107617
25175.201669382637
-3509.099101167045
-25473.099552863143
30081.41904761116
-2106.421550381212
-2109.755068416966
-6703.384533303414
-10344.35285742296
-14531.52511084446
-15009.253305415239
-13059.480636522052
-8928.233454716414
-5954.188334177008
-1609.412752956806
9779.130756022145
9773.801665523608
9769.969042496768
2384.9543956162433
2382.202144257511
2380.299366375009
2378.2552618587665
2376.189404214648
9793.371727385402
8919.05921492304
4676.552489331145
4676.552489331145
17032.98416297054
17032.681468952353
22384.3123626342
25381.96924639252
24712.11836934948
11980.659688867703
1880.8526695076534
-4130.107572598091
-11755.28201743167
-25324.81944906067
9878.679921286082
9879.395442453833
9879.765726842717
9880.144489642063
9880.511339890616
22512.070048577207
22943.24530222256
23146.91769445649
26105.05048173574
26093.081391473734
13112.62895319041
12713.583428481445
-12051.113103570797
-17600.027058036336
-23112.953640088086
-26688.14635641093
-23383.668051275155
-12051.113103570797
-1141.8008005658273
-5892.62240302455
-9747.964396942416
-14482.509313164612
-15285.276158257879
-13760.286844292114
-9896.487911525184
-6993.421690334887
-2669.665084334894
10645.209627506083
10641.87894560334
10638.787188244416
3413.9069048757624
3408.251439641918
3406.2134511293043
3403.851101741847
3401.512764976058
3399.0470006951946
6800.228592831681
7645.239824905865
-14482.509313164612
-20074.669180510045
27360.490374534602
29489.602199958917
28216.281772179256
24762.33755872515
20477.34947006661
12707.188904149583
-2024.8643545535547
-18148.077325970855
28216.281772179256
29173.9861321809
29440.653834685567
27098.000466666257
22367.28366986036
17257.576162390294
8592.738896651823
-6654.608801330572
-20132.03674852994
-20132.03674852994
17032.98416297054
17032.681468952353
22384.3123626342
25381.96924639252
24712.11836934948
11980.659688867703
1880.8526695076534
-4130.107572598091
-11755.28201743167
-25324.81944906067
9878.679921286082
9879.395442453833
9879.765726842717
9880.144489642063
9880.511339890616
22512.070048577207
22943.24530222256
23146.91769445649
26105.05048173574
26093.081391473734
13112.62895319041
12713.583428481445
-12051.113103570797
-17600.027058036336
-23112.953640088086
-26688.14635641093
-23383.668051275155
-12051.113103570797
17032.98416297054
17032.681468952353
22384.3123626342
25381.96924639252
24712.11836934948
11980.659688867703
1880.8526695076534
-4130.107572598091
-11755.28201743167
-25324.81944906067
9878.679921286082
9879.395442453833
9879.765726842717
9880.144489642063
9880.511339890616
22512.070048577207
22943.24530222256
23146.91769445649
26105.05048173574
26093.081391473734
13112.62895319041
12713.583428481445
-12051.113103570797
-17600.027058036336
-23112.953640088086
-26688.14635641093
-23383.668051275155
-12051.113103570797
17032.98416297054
17032.681468952353
22384.3123626342
25381.96924639252
24712.11836934948
11980.659688867703
1880.8526695076534
-4130.107572598091
-11755.28201743167
-25324.81944906067
9878.679921286082
9879.395442453833
9879.765726842717
9880.144489642063
9880.511339890616
22512.070048577207
22943.24530222256
23146.91769445649
26105.05048173574
26093.081391473734
13112.62895319041
12713.583428481445
-12051.113103570797
-17600.027058036336
-23112.953640088086
-26688.14635641093
-23383.668051275155
-12051.113103570797
17032.98416297054
17032.681468952353
22384.3123626342
25381.96924639252
24712.11836934948
11980.659688867703
1880.8526695076534
-4130.107572598091
-11755.28201743167
-25324.81944906067
9878.679921286082
9879.395442453833
9879.765726842717
9880.144489642063
9880.511339890616
22512.070048577207
22943.24530222256
23146.91769445649
26105.05048173574
26093.081391473734
13112.62895319041
12713.583428481445
-12051.113103570797
-17600.027058036336
-23112.953640088086
-26688.14635641093
-23383.668051275155
-12051.113103570797
17032.98416297054
17032.681468952353
22384.3123626342
25381.96924639252
24712.11836934948
11980.659688867703
1880.8526695076534
-4130.107572598091
-11755.28201743167
-25324.81944906067
9878.679921286082
9879.395442453833
9879.765726842717
9880.144489642063
9880.511339890616
22512.070048577207
22943.24530222256
23146.91769445649
26105.05048173574
26093.081391473734
13112.62895319041
12713.583428481445
-12051.113103570797
-17600.027058036336
-23112.953640088086
-26688.14635641093
-23383.668051275155
-12051.113103570797
17032.98416297054
17032.681468952353
22384.3123626342
25381.96924639252
24712.11836934948
11980.659688867703
1880.8526695076534
-4130.107572598091
-11755.28201743167
-25324.81944906067
9878.679921286082
9879.395442453833
9879.765726842717
9880.144489642063
9880.511339890616
22512.070048577207
22943.24530222256
23146.91769445649
26105.05048173574
26093.081391473734
13112.62895319041
12713.583428481445
-17600.027058036336
-23112.953640088086
-26688.14635641093
-23383.668051275155
26093.081391473734
17032.98416297054
17032.681468952353
22384.3123626342
25381.96924639252
24712.11836934948
11980.659688867703
1880.8526695076534
-4130.107572598091
-11755.28201743167
-25324.81944906067
9878.679921286082
9879.395442453833
9879.765726842717
9880.144489642063
9880.511339890616
22512.070048577207
22943.24530222256
23146.91769445649
26105.05048173574
26093.081391473734
13112.62895319041
12713.583428481445
-17600.027058036336
-23112.953640088086
-26688.14635641093
-23383.668051275155
26093.081391473734
17032.98416297054
17032.681468952353
22384.3123626342
25381.96924639252
24712.11836934948
11980.659688867703
1880.8526695076534
-4130.107572598091
-11755.28201743167
-25324.81944906067
9878.679921286082
9879.395442453833
9879.765726842717
9880.144489642063
9880.511339890616
22512.070048577207
22943.24530222256
23146.91769445649
26105.05048173574
26093.081391473734
13112.62895319041
12713.583428481445
-12051.113103570797
-17600.027058036336
-23112.953640088086
-26688.14635641093
-23383.668051275155
-12051.113103570797
17032.98416297054
17032.681468952353
22384.3123626342
25381.96924639252
24712.11836934948
11980.659688867703
1880.8526695076534
-4130.107572598091
-11755.28201743167
-25324.81944906067
9878.679921286082
9879.395442453833
9879.765726842717
9880.144489642063
9880.511339890616
22512.070048577207
22943.24530222256
23146.91769445649
26105.05048173574
26093.081391473734
13112.62895319041
12713.583428481445
-12051.113103570797
-17600.027058036336
-23112.953640088086
-26688.14635641093
-23383.668051275155
-12051.113103570797
17032.966785643992
17032.678665936575
22384.25787730087
25381.80356231851
24711.965507135552
11980.439825070827
1880.6809118999488
-4130.2097957371625
-11755.53436700186
-25324.883992679428
9878.718502493732
9879.445454398176
9879.81921160299
9880.205443985402
9880.55003526118
22511.995144790326
22943.12331385483
23146.861409542827
26104.790657589936
26092.953219270297
13112.471962006695
12713.401931612087
-17600.117790062173
-23113.058256953907
-26688.234800219187
-23383.715765682497
11980.439825070827
-24715.863660707906
-28553.977241152985
-29404.551396603478
-24217.274715426243
-18584.85322088888
-18588.028518775467
-18590.19149038541
-18592.303048875954
-18594.62168232067
30262.079548929523
18644.345576385
-6539.916779997688
-21880.6739625593
-21880.6739625593
-29192.6351243422
26511.923153220014
26511.923153220014
-22487.0725310854
-27417.603082831356
-29388.851682121913
-28118.831474317238
29853.47615652359
-784.0172925441465
-9699.266364915804
-9699.266364915804
19530.84585561192
19530.38155523269
16169.364321486773
11769.60736048187
1651.7003610524546
-4698.953028446122
-13303.309239043021
-18768.9937478761
-20397.76095607623
-21042.95795375939
18448.896772469005
20292.399620833814
16349.652340164374
16169.364321486773
26016.24200344088
23249.27801049001
19641.412439951266
-19868.952584807586
-19874.136429223166
-19879.716634168966
-19885.03114320075
-19889.90913667733
8429.399006477568
15.884399059117943
-12764.71374300241
-22371.614085570574
19641.412439951266
28482.479743012293
30248.805094924475
28690.343057086822
20325.3623895779
12124.382167794602
-3123.5788146700265
-17530.62230903064
28690.343057086822
-27672.640253255737
-26337.48662076464
-22513.687817042715
11498.343001200092
21066.574123966413
24808.967677576053
-26442.952303940994
-26445.21332601879
-26447.31750439272
-26448.80286897167
-26450.217969171565
28765.965703085993
27153.59507764607
3832.5003969615427
-22985.898848261942
-22513.687817042715
28749.185451782854
29236.425650979672
29233.921056462896
26965.283324850203
16391.26942984745
-5433.981129693566
-16352.862998899156
-21953.40588949831
-26951.38778131396
-29835.355084040064
-24624.644328364575
28937.565913812563
29236.425650979672
-3807.6498689502273
-12337.346405531876
-19139.82179114889
-27043.739074415444
-27976.327709347086
-24385.855648299632
-16717.769642480176
18468.37513481585
18463.344685651835
18458.57965687979
18454.147031377248
4948.283425194339
4943.648365410233
4940.547944916594
4937.564798028678
4934.518689793392
-24505.247436091977
28025.784363435643
16306.092141336887
8921.910059106685
683.6860461036814
-12954.847978774862
683.6860461036814
-9718.820661012049
-16996.910105356656
-22185.888492501144
-26439.066233231864
-25354.467191398835
-19235.457111164327
12291.711352922648
12286.105006566277
12280.636225325345
12276.633032983636
12272.523645299058
-1660.357245032113
-1665.9048094023458
-1668.511872325401
-1671.516546145515
-1674.4799920754988
18366.993011512048
10268.240237435672
2318.0296240745915
-5614.524990561059
-17497.31177514858
2318.0296240745915
-27455.851907081415
25936.935072914934
28059.234140062184
26853.73867725453
-11063.45934216787
-11075.413841943251
-11079.584057260317
-11083.63333743744
-11088.696683660823
-17125.497634678846
-17138.371094870043
28059.234140062184
9900.099202313839
8802.62547015923
5468.491711662641
157.32654270479816
-5741.286491565666
-8422.690351299922
-9564.440951103266
-8671.565030723164
-5741.286491565666
28778.797985345816
29895.48331120125
-14531.657154435525
-14544.124946190937
-14571.665380593511
18939.35628954128
10483.806011878632
-4696.854715649645
-20237.489972737832
29895.48331120125
21410.634341353536
29025.477023127518
10803.79209289073
-713.0475079555854
-15072.965988822521
-713.0475079555854
20980.37629247808
23595.400881237798
23868.430046360747
18651.804530715333
2780.6346203654625
-6852.776340403497
-11997.139111035505
-17887.707975692923
-19332.571040276336
-19332.398459930115
-19332.122600754043
-19331.786782948275
-19331.397319855194
16221.510524966166
16221.451437302996
16221.390321733663
16221.333087437202
16221.263947712645
16221.10231871872
16221.006310835119
16220.895751207061
23590.356181346648
22136.3729610688
-21602.59623068415
-24471.573824729538
-23408.283856670198
12036.660103747749
18744.39611668473
23671.5642802244
12036.660103747749
-24154.008889170018
-27457.052197673092
-27904.615426494347
-22336.93619941259
14601.612812035466
-4975.537043909577
-4978.968367645231
-4984.614642930765
-18649.900731723763
-18652.892792871527
-18654.911695974013
-18656.99351738811
-18659.58984746602
-25596.716703417507
25440.054568746593
28489.86032400161
16778.282350704736
-7361.724912317886
-21614.639914130024
-27901.878454993173
-21614.639914130024
-10182.86112789478
-10188.048578227603
-16786.528328001372
-21368.210481615086
-24685.08986183136
-23298.421170282563
-17107.525049373446
-8367.483561763771
-2860.934181635355
10395.292033966396
10389.309333548352
10385.210782487331
-2756.3896117943646
-2759.6540517135973
-2762.1747069889016
-2764.608031427885
-2766.9370485722666
-17994.858100674388
18130.164397645436
24372.009204070077
4420.289327580025
-5722.85092607697
-17266.12991062651
-8367.483561763771
-28214.97942083943
-24509.546872346975
-18629.8772624888
18567.923420126677
26615.736631902128
28949.89510959136
29121.368897969056
25175.60156097517
-3509.2522154713297
-25473.285719594867
-25473.285719594867
-2106.5739133404054
-2109.8648685454373
-6703.831581569183
-10344.539474648871
-14531.50787251043
-15009.402930062066
-13059.606591701631
-8928.254806210498
-5954.142546659958
-1609.4077255281995
9778.663256085742
9773.991473719512
9769.50481427649
2384.746558666214
2382.0066241214768
2380.130303145254
2378.1858568635284
2375.997181023744
9793.407838080924
8918.88183217896
4676.309588722622
255.27034738128242
-7087.702192397043
-2109.8648685454373
17032.966785643992
17032.678665936575
22384.25787730087
25381.80356231851
24711.965507135552
11980.439825070827
1880.6809118999488
-4130.2097957371625
-11755.53436700186
-25324.883992679428
9878.718502493732
9879.445454398176
9879.81921160299
9880.205443985402
9880.55003526118
22511.995144790326
22943.12331385483
23146.861409542827
26104.790657589936
26092.953219270297
13112.471962006695
12713.401931612087
-17600.117790062173
-23113.058256953907
-26688.234800219187
-23383.715765682497
23619.55067500808
11980.439825070827
-1141.9515064319905
-5892.512018268785
-9748.120176168622
-14482.731418681811
-15285.563150481687
-13760.331023909368
-9896.5358730969
-6993.461248151364
-2669.660866231495
10644.838875881336
10641.783911865576
10638.562984525988
3413.7238204429173
3408.104222467987
3406.1095305241356
3403.6115575896183
3401.424153784329
3398.8590263617807
6800.237184672821
7644.834237149649
1762.616990992271
-6267.220419911168
-5892.512018268785
-28754.393890019182
-20074.40819453191
27360.31375138996
29489.464609747607
28216.946050639894
20477.246819898322
12708.021642540554
-2023.0798708865864
-18148.238126734457
28216.946050639894
29173.82508738158
29440.413872890113
27097.67122314668
17257.385654705227
8592.432026800474
-6654.46890100104
-20132.388241336746
29440.413872890113
-24715.748938393725
-28554.102857804573
-29404.467503768392
-24217.4319693178
-18584.610207448786
-18587.707044791197
-18589.843981831084
-18592.06010190331
-18594.377605867398
-27374.3195511738
30262.184278993034
18644.521615667873
-6539.655049497608
-21880.95426476967
-27374.3195511738
-29192.429232288912
26512.057778523875
-29192.429232288912
-22486.71653679821
-27417.419924209255
-29388.388167935755
29853.80787328455
-783.7242022898793
-9699.028448733412
-9699.028448733412
19530.852525655166
19530.442832826822
16169.497478715446
11769.759700408778
1651.9195767501174
-4698.69047900186
-13303.180896527154
-18768.863846453965
-20397.517277429124
-21042.819574126494
-12795.808160872852
18448.934549809965
20292.50583827703
16350.021013957485
16350.021013957485
26016.52132181987
23249.19132482394
19641.117644941784
-19868.97755340222
-19873.590882724613
-19879.600923396978
-19885.174257565843
-19889.620722376334
8429.677391516476
18.02750805244473
-12764.79407951289
-22371.249787512224
-12764.79407951289
28482.713662760387
30248.963711615037
28690.469939881696
24851.06128666499
20325.565300148482
12125.760081172037
-3123.955787574584
-17530.427285420083
30248.963711615037
-27672.441082868638
-26337.40322172577
-22513.85485363109
11498.293851368824
21066.636773379425
24809.0264607604
27949.546346435567
-26443.048036002994
-26445.14484501093
-26447.433097939695
-26448.633844217813
-26450.03508134523
28766.001349807448
27153.59479659894
3832.634734694677
-22984.460428605653
24809.0264607604
28749.001792741095
29236.547636152172
29234.28871270829
26965.393691433095
16391.35946291666
-5433.8427503269395
-16352.668990806009
-21953.166790248615
-26951.18362490311
-29835.24539554495
-24624.676939983365
28937.923524520167
26965.393691433095
-3807.7176864152616
-12337.399715220157
-19139.740491642595
-27043.55074434639
-27976.26064502446
-24386.224098193637
-16717.73156618548
18463.987848166773
18458.637634333565
18454.061521822197
4948.196171442948
4943.815314462607
4940.615839167006
4937.807320668084
4934.746466045564
-13179.18927040698
28025.431649884442
16306.397905971391
8922.054965796275
683.5719316487825
-12955.162358915179
683.5719316487825
-9718.584862435255
-16996.502871923698
-22185.61029002305
-26438.801390044937
-25354.502990193283
-19235.32994742217
12280.954000298003
12276.883968464717
12272.927228447665
-1660.227341479826
-1665.7334762943
-1668.3180697587868
-1671.044312109303
-1674.1450934975478
-25569.210740623883
-19373.471278643916
18367.106834335616
10268.445144492653
2318.2828637826897
-5614.266805501833
-17496.81325478479
-9718.584862435255
-27455.797377980085
25937.100136315457
28059.436484677597
26853.739423274234
-11064.252424189479
-11075.015157748365
-11079.308876970834
-11083.741530032235
-11088.469074226297
-17125.31091643706
-17137.97485456036
-27455.797377980085
9900.105684970144
8802.723608662336
5468.786280210176
157.34965633510825
-5741.252390004329
-8422.56315304262
-9564.273430870193
-8671.557580211631
-8671.557580211631
28779.111936692883
29895.8656916004
23772.977274179168
-14531.283964084536
-14544.910500482949
-14570.816353384447
18939.609385197746
10484.956179824554
-4691.65319448781
-20237.38912850705
10484.956179824554
21410.724162539038
29025.687913452937
10803.785494407326
-712.4823552243652
-15072.399975209722
-712.4823552243652
20980.412446442344
23595.442407915245
23868.551344225896
18651.986596002847
2780.887932099377
-6852.662824089053
-11996.964800705062
-17887.515487064917
-19332.58183835743
-19332.40965025901
-19332.11257828182
-19331.81575223751
-19331.405012605126
16221.511425222303
16221.45319394742
16221.393362527831
16221.334498264514
16221.27100957101
16221.109262087295
16221.014343510955
16220.906559872356
-21602.307536334534
-24471.581327995656
-23408.228539878033
12036.653791903129
18744.361619247673
23671.559065342284
-17887.515487064917
-24153.79921519555
-27456.900427129567
-27904.499260868015
-22337.373315105273
14601.63282669179
-4975.391447582782
-4978.930415565114
-4984.335615850269
-18649.91394180433
-18652.57773198074
-18654.854351874794
-18656.704184658105
-18659.363272720293
-27721.651765033395
25440.15825370353
28490.170815646503
16778.491155809545
-7361.494820488973
-21614.403335084946
-27901.21520646177
-21614.403335084946
-10182.809168024882
-10188.039258539628
-16786.186117272016
-21368.05638517689
-24684.959707386926
-23298.27099535717
-17107.387091743934
-8367.538146315657
-2860.9216332004466
10395.667672096779
10389.648050193524
10385.50880334807
-2756.252176718143
-2759.6480855529558
-2761.991386208865
-2764.4028361012215
-2766.8886431298083
-18275.129211635187
18130.567590709677
24372.278537088114
4419.821615160807
-5722.413377164312
-17266.924258358726
-5722.413377164312
-25418.961132578454
-28214.92023455681
-24509.533984119294
-18629.850245019305
18568.03158679351
26615.74963835333
28950.130427452415
30081.41904761116
29121.453034107617
25175.201669382637
-3509.099101167045
-25473.099552863143
30081.41904761116
-2106.421550381212
-2109.755068416966
-6703.384533303414
-10344.35285742296
-14531.52511084446
-15009.253305415239
-13059.480636522052
-8928.233454716414
-5954.188334177008
-1609.412752956806
9779.130756022145
9773.801665523608
9769.969042496768
2384.9543956162433
2382.202144257511
2380.299366375009
2378.2552618587665
2376.189404214648
9793.371727385402
8919.05921492304
4676.552489331145
254.9427493387425
-7087.528953167705
4676.552489331145
17032.98416297054
17032.681468952353
22384.3123626342
25381.96924639252
24712.11836934948
11980.659688867703
1880.8526695076534
-4130.107572598091
-11755.28201743167
-25324.81944906067
9878.679921286082
9879.395442453833
9879.765726842717
9880.144489642063
9880.511339890616
22512.070048577207
22943.24530222256
23146.91769445649
26105.05048173574
26093.081391473734
13112.62895319041
12713.583428481445
-12051.113103570797
-17600.027058036336
-23112.953640088086
-26688.14635641093
-23383.668051275155
23619.527846485507
-12051.113103570797
-1141.8008005658273
-5892.62240302455
-9747.964396942416
-14482.509313164612
-15285.276158257879
-13760.286844292114
-9896.487911525184
-6993.421690334887
-2669.665084334894
10645.209627506083
10641.87894560334
10638.787188244416
3413.9069048757624
3408.251439641918
3406.2134511293043
3403.851101741847
3401.512764976058
3399.0470006951946
6800.228592831681
7645.239824905865
1762.8267011460632
-6267.5702195454705
1762.8267011460632
-20074.669180510045
27360.490374534602
29489.602199958917
28216.281772179256
24762.33755872515
20477.34947006661
12707.188904149583
-2024.8643545535547
-18148.077325970855
28216.281772179256
29173.9861321809
29440.653834685567
27098.000466666257
22367.28366986036
17257.576162390294
8592.738896651823
-6654.608801330572
-20132.03674852994
-20132.03674852994
