1    4000    4000
2    4000    4000
3    4000    4000
4    4000    4000
5    4000    4000
6    4500    4000
7    4500    4000
8    4500    4000
9    4500    4000
10    4500    4000
11    5000    4000
12    5000    4000
13    5000    4000
14    5000    4000
15    5000    4000
16    5500    4000
17    5500    4000
18    5500    4000
19    5500    4000
20    5500    4000
21    6000    4000
22    6000    4000
23    6000    4000
24    6000    4000
25    6000    4000
26    6500    4000
27    6500    4000
28    6500    4000
29    6500    4000
30    6500    4000
31    4000    4500
32    4000    4500
33    4000    4500
34    4000    4500
35    4000    4500
36    4500    4500
37    4500    4500
38    4500    4500
39    4500    4500
40    4500    4500
41    5000    4500
42    5000    4500
43    5000    4500
44    5000    4500
45    5000    4500
46    5500    4500
47    5500    4500
48    5500    4500
49    5500    4500
50    5500    4500
51    6000    4500
52    6000    4500
53    6000    4500
54    6000    4500
55    6000    4500
56    6500    4500
57    6500    4500
58    6500    4500
59    6500    4500
60    6500    4500
61    4000    5000
62    4000    5000
63    4000    5000
64    4000    5000
65    4000    5000
66    4500    5000
67    4500    5000
68    4500    5000
69    4500    5000
70    4500    5000
71    5000    5000
72    5000    5000
73    5000    5000
74    5000    5000
75    5000    5000
76    5500    5000
77    5500    5000
78    5500    5000
79    5500    5000
80    5500    5000
81    6000    5000
82    6000    5000
83    6000    5000
84    6000    5000
85    6000    5000
86    6500    5000
87    6500    5000
88    6500    5000
89    6500    5000
90    6500    5000
91    4000    5500
92    4000    5500
93    4000    5500
94    4000    5500
95    4000    5500
96    4500    5500
97    4500    5500
98    4500    5500
99    4500    5500
100    4500    5500
101    5000    5500
102    5000    5500
103    5000    5500
104    5000    5500
105    5000    5500
106    5500    5500
107    5500    5500
108    5500    5500
109    5500    5500
110    5500    5500
111    6000    5500
112    6000    5500
113    6000    5500
114    6000    5500
115    6000    5500
116    6500    5500
117    6500    5500
118    6500    5500
119    6500    5500
120    6500    5500
