1    1000    1000
2    1500    1000
3    2000    1000
4    2500    1000
5    3000    1000
6    3500    1000
7    4000    1000
8    4500    1000
9    5000    1000
10    5500    1000
11    6000    1000
12    1000    1500
13    1500    1500
14    2000    1500
15    2500    1500
16    3000    1500
17    3500    1500
18    4000    1500
19    4500    1500
20    5000    1500
21    5500    1500
22    6000    1500
23    1000    2000
24    1500    2000
25    2000    2000
26    2500    2000
27    3000    2000
28    3500    2000
29    4000    2000
30    4500    2000
31    5000    2000
32    5500    2000
33    6000    2000
34    1000    2500
35    1500    2500
36    2000    2500
37    2500    2500
38    3000    2500
39    3500    2500
40    4000    2500
41    4500    2500
42    5000    2500
43    5500    2500
44    6000    2500
45    1000    3000
46    1500    3000
47    2000    3000
48    2500    3000
49    3000    3000
50    3500    3000
51    4000    3000
52    4500    3000
53    5000    3000
54    5500    3000
55    6000    3000
56    1000    3500
57    1500    3500
58    2000    3500
59    2500    3500
60    3000    3500
61    3500    3500
62    4000    3500
63    4500    3500
64    5000    3500
65    5500    3500
66    6000    3500
67    1000    4000
68    1500    4000
69    2000    4000
70    2500    4000
71    3000    4000
72    3500    4000
73    4000    4000
74    4500    4000
75    5000    4000
76    5500    4000
77    6000    4000
78    1000    4500
79    1500    4500
80    2000    4500
81    2500    4500
82    3000    4500
83    3500    4500
84    4000    4500
85    4500    4500
86    5000    4500
87    5500    4500
88    6000    4500
89    1000    5000
90    1500    5000
91    2000    5000
92    2500    5000
93    3000    5000
94    3500    5000
95    4000    5000
96    4500    5000
97    5000    5000
98    5500    5000
99    6000    5000
100    1000    5500
101    1500    5500
102    2000    5500
103    2500    5500
104    3000    5500
105    3500    5500
106    4000    5500
107    4500    5500
108    5000    5500
109    5500    5500
110    6000    5500
111    1000    6000
112    1500    6000
113    2000    6000
114    2500    6000
115    3000    6000
116    3500    6000
117    4000    6000
118    4500    6000
119    5000    6000
120    5500    6000
121    6000    6000
