1    0    4000
2    0    4000
3    0    4000
4    0    4000
5    0    4000
6    0    4000
7    0    4000
8    0    4000
9    0    4000
10    0    4000
11    0    4000
12    0    4000
13    0    4000
14    0    4000
15    0    4000
16    0    4000
17    0    4000
18    0    4000
19    0    4000
20    0    4000
21    0    4000
22    0    4000
23    0    4000
24    0    4000
25    0    4000
26    0    4000
27    0    4000
28    0    4000
29    0    4000
30    0    4000
31    0    4000
32    0    4000
33    0    4000
34    0    4000
35    0    4000
36    0    4000
37    1000    4000
38    1000    4000
39    1000    4000
40    1000    4000
41    1000    4000
42    1000    4000
43    1000    4000
44    1000    4000
45    1000    4000
46    1000    4000
47    1000    4000
48    1000    4000
49    1000    4000
50    1000    4000
51    1000    4000
52    1000    4000
53    1000    4000
54    1000    4000
55    1000    4000
56    1000    4000
57    1000    4000
58    1000    4000
59    1000    4000
60    1000    4000
61    1000    4000
62    1000    4000
63    1000    4000
64    1000    4000
65    1000    4000
66    1000    4000
67    1000    4000
68    1000    4000
69    1000    4000
70    1000    4000
71    1000    4000
72    1000    4000
73    2000    4000
74    2000    4000
75    2000    4000
76    2000    4000
77    2000    4000
78    2000    4000
79    2000    4000
80    2000    4000
81    2000    4000
82    2000    4000
83    2000    4000
84    2000    4000
85    2000    4000
86    2000    4000
87    2000    4000
88    2000    4000
89    2000    4000
90    2000    4000
91    2000    4000
92    2000    4000
93    2000    4000
94    2000    4000
95    2000    4000
96    2000    4000
97    2000    4000
98    2000    4000
99    2000    4000
100    2000    4000
101    2000    4000
102    2000    4000
103    2000    4000
104    2000    4000
105    2000    4000
106    2000    4000
107    2000    4000
108    2000    4000
109    0    5000
110    0    5000
111    0    5000
112    0    5000
113    0    5000
114    0    5000
115    0    5000
116    0    5000
117    0    5000
118    0    5000
119    0    5000
120    0    5000
121    0    5000
122    0    5000
123    0    5000
124    0    5000
125    0    5000
126    0    5000
127    0    5000
128    0    5000
129    0    5000
130    0    5000
131    0    5000
132    0    5000
133    0    5000
134    0    5000
135    0    5000
136    0    5000
137    0    5000
138    0    5000
139    0    5000
140    0    5000
141    0    5000
142    0    5000
143    0    5000
144    0    5000
145    1000    5000
146    1000    5000
147    1000    5000
148    1000    5000
149    1000    5000
150    1000    5000
151    1000    5000
152    1000    5000
153    1000    5000
154    1000    5000
155    1000    5000
156    1000    5000
157    1000    5000
158    1000    5000
159    1000    5000
160    1000    5000
161    1000    5000
162    1000    5000
163    1000    5000
164    1000    5000
165    1000    5000
166    1000    5000
167    1000    5000
168    1000    5000
169    1000    5000
170    1000    5000
171    1000    5000
172    1000    5000
173    1000    5000
174    1000    5000
175    1000    5000
176    1000    5000
177    1000    5000
178    1000    5000
179    1000    5000
180    1000    5000
181    2000    5000
182    2000    5000
183    2000    5000
184    2000    5000
185    2000    5000
186    2000    5000
187    2000    5000
188    2000    5000
189    2000    5000
190    2000    5000
191    2000    5000
192    2000    5000
193    2000    5000
194    2000    5000
195    2000    5000
196    2000    5000
197    2000    5000
198    2000    5000
199    2000    5000
200    2000    5000
201    2000    5000
202    2000    5000
203    2000    5000
204    2000    5000
205    2000    5000
206    2000    5000
207    2000    5000
208    2000    5000
209    2000    5000
210    2000    5000
211    2000    5000
212    2000    5000
213    2000    5000
214    2000    5000
215    2000    5000
216    2000    5000
