1    4000    4000
2    4000    4000
3    4000    4000
4    4000    4000
5    4000    4000
6    4500    4000
7    4500    4000
8    4500    4000
9    4500    4000
10    4500    4000
11    5000    4000
12    5000    4000
13    5000    4000
14    5000    4000
15    5000    4000
16    5500    4000
17    5500    4000
18    5500    4000
19    5500    4000
20    5500    4000
21    4000    4500
22    4000    4500
23    4000    4500
24    4000    4500
25    4000    4500
26    4500    4500
27    4500    4500
28    4500    4500
29    4500    4500
30    4500    4500
31    5000    4500
32    5000    4500
33    5000    4500
34    5000    4500
35    5000    4500
36    5500    4500
37    5500    4500
38    5500    4500
39    5500    4500
40    5500    4500
41    4000    5000
42    4000    5000
43    4000    5000
44    4000    5000
45    4000    5000
46    4500    5000
47    4500    5000
48    4500    5000
49    4500    5000
50    4500    5000
51    5000    5000
52    5000    5000
53    5000    5000
54    5000    5000
55    5000    5000
56    5500    5000
57    5500    5000
58    5500    5000
59    5500    5000
60    5500    5000
61    4000    5500
62    4000    5500
63    4000    5500
64    4000    5500
65    4000    5500
66    4500    5500
67    4500    5500
68    4500    5500
69    4500    5500
70    4500    5500
71    5000    5500
72    5000    5500
73    5000    5500
74    5000    5500
75    5000    5500
76    5500    5500
77    5500    5500
78    5500    5500
79    5500    5500
80    5500    5500
